year,month,济南市,北京市,上海市,天津市,重庆市,哈尔滨市,长春市,沈阳市,呼和浩特市,石家庄市,乌鲁木齐市,兰州市,西宁市,西安市,银川市,郑州市,太原市,合肥市,武汉市,长沙市,南京市,成都市,贵阳市,昆明市,南宁市,拉萨市,杭州市,南昌市,广州市,福州市,海口市
2018,10,898.728813559322,660.7361963190184,536.0,972.3849372384938,920.2643171806168,671.2598425196851,835.5731225296443,1037.3949579831933,,575.8678160919541,1352.7426160337552,500.0,1014.8936170212766,766.5354330708661,955.7522123893805,937.4517374517375,1039.8305084745762,752.6301369863014,1276.595744680851,691.566265060241,413.28125,938.4920634920635,347.008547008547,921.4876033057851,1102.857142857143,431.55737704918033,1010.8949416342413,234.32203389830508,863.2,550.204081632653,603.1872509960159
2018,11,1264.6258503401361,933.614153327717,682.1666666666666,1366.4440734557595,721.2837837837837,840.2439024390244,895.9459459459459,1005.1495016611295,,757.7702702702703,1731.9327731092437,754.4388609715243,1177.310924369748,1042.0962199312714,1180.677966101695,1237.6053962900505,1223.7024221453287,1047.9933110367892,1280.9682804674458,831.1557788944724,743.939393939394,665.9050966608085,366.60305343511453,869.4397283531409,1181.1544991511037,593.1654676258993,812.3456790123457,262.1621621621622,744.9664429530201,568.2804674457429,584.7571189279732
2018,12,1292.8400954653937,708.6659064994299,656.0090702947846,1154.233409610984,712.781954887218,824.7663551401869,842.6150121065375,985.0678733031674,,804.5558086560364,2283.448275862069,1270.2272727272727,1607.7272727272727,1252.0833333333333,1198.8636363636363,1329.6380090497737,1425.5707762557079,884.931506849315,1398.3833718244803,984.5794392523364,833.0,997.7064220183486,464.6616541353383,875.5148741418765,1066.2870159453303,853.206650831354,1057.1106094808126,504.8951048951049,781.0185185185185,546.0240963855422,617.8489702517162
2019,1,1935.9139784946237,897.644539614561,669.91341991342,1463.7130801687763,1186.3049095607234,1210.5032822757112,1201.0729613733906,1382.2410147991543,,1139.9577167019027,2626.1146496815286,1086.111111111111,1657.563025210084,1347.8260869565217,1875.578947368421,1463.9830508474577,2099.122807017544,1131.4102564102564,1417.1247357293869,1270.6131078224103,1042.8270042194092,1202.5862068965516,387.08240534521155,1026.4069264069265,1336.0169491525423,837.3271889400921,1305.7082452431289,812.8205128205128,1241.098901098901,842.5764192139738,779.7826086956521
2019,2,1399.8,750.5365853658536,773.6842105263158,1381.3592233009708,895.7983193277311,898.728813559322,982.4380165289256,1177.124183006536,,855.1456310679612,1735.7421875,877.5390625,1223.3463035019456,1310.1391650099404,1207.8585461689588,1185.7699805068225,1398.635477582846,1052.046783625731,969.4552529182879,1072.3196881091617,946.1538461538462,935.1888667992048,669.6498054474708,673.1372549019608,1196.09375,651.6059957173447,1081.9066147859921,750.5050505050505,1089.4632206759443,771.3163064833005,500.196463654224
2019,3,924.5192307692307,712.5295508274231,882.4281150159744,852.0376175548589,673.968253968254,754.0157480314961,768.0921052631579,982.7856025039124,,628.4263959390863,1783.801652892562,633.2288401253918,907.9601990049752,891.3412563667233,866.9826224328594,505.3627760252366,948.1889763779527,852.2082018927445,1033.9593114241002,903.3018867924528,739.3700787401575,764.4094488188977,518.3870967741935,740.4724409448819,917.4528301886793,599.0461049284579,938.6792452830189,665.7276995305165,901.1272141706925,695.016077170418,516.6666666666666
2019,4,798.3582089552239,581.1046511627907,791.820987654321,780.349344978166,781.6838995568685,493.9042089985486,617.3410404624277,721.3864306784661,,541.7647058823529,681.2227074235808,558.179012345679,871.7201166180758,848.5207100591716,694.3536404160476,795.3216374269006,953.0882352941177,832.9428989751098,1119.7080291970804,915.1824817518249,437.3900293255132,821.9662058371736,607.1532846715329,787.2372372372372,749.6339677891655,527.7533039647577,799.558173784978,662.0790629575403,764.0416047548291,897.5039001560062,465.40697674418607
2019,5,736.9627507163324,540.0416377515614,669.4986072423399,583.0294530154277,688.5431400282886,572.0963172804533,481.02493074792244,632.3033707865169,,549.93006993007,614.0472878998609,558.6800573888091,685.5755894590847,759.0214067278288,580.8599167822468,679.4244604316547,835.343618513324,752.327221438646,1005.1388888888889,785.180055401662,432.398316970547,709.129814550642,684.0499306518724,692.6694329183956,840.8250355618777,380.55152394775035,737.2688477951635,403.26241134751774,804.3235704323571,728.5302593659942,520.6657420249653
2019,6,746.9964664310954,613.2510288065844,622.2772277227723,862.5,799.1638795986622,519.8501872659176,483.52745424292846,643.8127090301003,,598.4455958549223,543.2160804020101,612.6279863481228,640.1372212692968,723.9600665557405,716.6944908180301,618.3501683501684,849.9168053244592,806.0402684563759,1135.8333333333333,834.1059602649007,415.34569983136595,801.010101010101,686.6220735785953,656.8333333333334,744.4073455759599,452.670349907919,828.3082077051927,628.6666666666666,749.1638795986622,552.3890784982935,469.2307692307692
2019,7,1002.7434842249658,634.181568088033,569.5473251028807,867.3640167364017,688.6819484240688,637.0370370370371,569.3905817174515,922.437673130194,,493.8692098092643,536.4394993045897,476.13168724279836,788.0658436213992,567.1251719394774,495.3296703296703,685.989010989011,881.8681318681319,625.2054794520548,865.6164383561644,753.625170998632,457.8146611341632,791.4119359534207,602.6243093922652,587.431693989071,733.013698630137,495.4356846473029,726.3085399449036,549.1803278688525,681.7056396148556,607.8296703296703,493.95604395604397
2019,8,850.5509641873278,513.0763936682725,583.0417227456259,649.7304582210243,740.3581267217631,531.0901749663526,559.046283309958,802.5745257452575,,471.5633423180593,598.3739837398374,555.4794520547945,748.1379310344828,706.2927496580028,487.89115646258506,790.2306648575305,720.8731241473397,684.6049046321526,985.054347826087,785.5153203342618,419.64769647696477,686.9822485207101,641.7704011065007,696.8876860622463,742.7408412483039,535.2781546811398,726.1224489795918,636.6216216216217,685.655737704918,644.579945799458,574.1542625169147
2019,9,930.2158273381295,634.7232207045291,573.4104046242775,825.2496433666191,815.7434402332361,571.3256484149856,593.4097421203438,872.8323699421966,,569.9570815450644,742.9230769230769,517.5,1046.351931330472,749.2857142857143,529.4797687861271,937.5722543352601,850.5714285714286,776.3610315186246,872.2063037249284,820.4285714285714,589.7142857142857,965.1925820256776,639.1618497109827,567.1091445427728,777.1137026239068,562.3906705539358,759.6566523605151,699.0014265335235,771.4080459770115,712.6780626780627,678.3045977011494
2019,10,1051.6220028208745,751.2,702.3006134969326,877.6371308016878,849.6503496503497,508.70786516853934,667.5070028011204,999.1489361702128,,630.8555399719495,1028.3742331288342,706.4245810055866,1206.7238912732475,770.995670995671,612.4301675977654,960.028653295129,985.4107648725212,843.4229137199434,934.453781512605,814.0056022408963,794.1091954022988,775.9206798866855,643.2471264367816,581.9580419580419,792.9853181076672,497.75280898876406,745.1476793248945,700.1428571428571,825.4596888260255,784.1958041958042,616.4095371669005
2019,11,1159.090909090909,838.075017692852,659.9435825105783,1135.663338088445,952.2238163558106,507.9432624113475,600.9915014164307,845.6859971711457,,688.6685552407932,1506.8767908309455,771.977240398293,1339.0243902439024,1033.2386363636363,828.179190751445,1003.0656934306569,1031.5169366715759,649.2109038737447,1006.25,761.5714285714286,1030.5035971223022,711.4161849710982,652.0923520923521,764.3258426966293,883.4293948126801,722.3931623931624,852.7142857142857,652.8409090909091,810.5714285714286,645.5965909090909,604.4733044733044
2019,12,1282.2190611664296,951.4830508474577,786.1878453038674,1217.9806362378977,1010.3207810320781,908.7016574585635,990.097629009763,1133.103448275862,,889.3646408839779,2171.3080168776373,1470.9318497913769,1533.1491712707182,1170.0831024930749,1165.0552486187846,1239.3103448275863,1044.6351931330473,953.6211699164345,1245.5678670360112,1052.7932960893854,958.7016574585635,930.0970873786408,610.5555555555555,925.1396648044692,913.7551581843192,852.9323308270676,1014.2454160789845,690.097629009763,880.5555555555555,561.3888888888889,683.1724137931035
2020,1,1714.5006839945281,834.0704906703525,883.8577291381669,1563.574351978172,790.3133903133903,1099.7260273972602,1369.9863574351978,1609.1156462585034,2808.904109589041,883.4938101788171,2475.9562841530055,1392.471590909091,1691.2208504801097,1388.7052341597796,1604.2407660738713,1202.937062937063,1467.741935483871,927.5280898876405,981.2841530054645,952.5238744884039,866.2087912087912,924.9258160237389,775.7746478873239,679.7486033519554,784.6910112359551,808.2781456953643,983.1967213114754,698.4352773826458,895.4356846473029,709.0040927694406,605.8743169398907
2020,2,1123.0088495575221,758.0429948109711,648.5422740524781,1097.8102189781023,596.3343108504399,679.6334012219959,652.692867540029,1044.395924308588,1403.4985422740524,581.3782991202346,1817.4556213017752,925.2225519287833,955.1111111111111,950.827067669173,932.1637426900585,696.8229954614221,1027.8761061946902,734.2105263157895,832.4599708879185,876.9117647058823,708.625730994152,607.9819277108434,593.9078751857355,577.4381368267831,791.1242603550296,642.2322775263951,648.0234260614934,519.1330343796711,708.600583090379,731.9767441860465,507.75988286969255
2020,3,997.8843441466855,604.0598290598291,534.6423562412342,685.049365303244,547.1004243281471,488.2882882882883,599.0140845070423,719.1608391608391,850.7022471910112,621.2376933895921,1089.9159663865546,752.6162790697674,845.2750352609308,574.0845070422536,599.8591549295775,729.3948126801153,700.1443001443001,674.330042313117,873.6842105263158,760.8938547486033,637.3737373737374,575.24893314367,700.8810572687224,735.5337078651686,763.5211267605633,552.9411764705883,696.1864406779661,475.0,763.0311614730878,931.7482517482517,490.14084507042253
2020,4,887.3303167420814,650.5511811023622,596.556886227545,641.8711656441718,591.7159763313609,588.4036144578313,903.8632986627043,843.4715821812596,659.8726114649681,545.9214501510575,631.2121212121212,737.6146788990826,770.7831325301205,629.7176820208024,491.8796992481203,630.316742081448,645.4128440366973,662.5373134328358,798.5365853658536,885.5029585798817,677.1513353115727,636.4583333333334,633.6322869955156,752.4590163934427,827.0958083832336,635.1632047477744,683.6826347305389,423.91975308641975,788.2089552238806,737.240356083086,531.570996978852
2020,5,881.7322834645669,606.7826086956521,801.8987341772151,744.952380952381,609.984399375975,448.2701812191104,512.4172185430464,648.3928571428571,556.4742589703588,607.9617834394904,487.4804381846635,724.0484429065745,588.0126182965299,511.2676056338028,448.4375,669.811320754717,581.5939278937382,569.4704049844237,868.7106918238994,831.8681318681319,762.0915032679738,610.6583072100314,582.8298887122417,611.0419906687403,696.0127591706539,584.2105263157895,680.568720379147,518.4419713831478,722.7272727272727,667.9748822605966,443.6420722135008
2020,6,629.44,548.0237154150198,682.5878594249201,980.0403225806451,773.3660130718954,465.98639455782313,478.97350993377484,816.3636363636364,606.1788617886178,558.1722319859402,523.0636833046472,613.7987012987013,632.0450885668276,600.7987220447284,560.8695652173913,720.3821656050956,830.2912621359224,578.4,766.9871794871794,815.04,831.8101933216169,728.4789644012945,577.207062600321,650.8885298869144,612.379421221865,604.0064102564103,729.2527821939586,468.2926829268293,656.7741935483871,502.8892455858748,434.0255591054313
2020,7,740.3697996918336,641.4910858995138,574.9249249249249,967.2638436482084,648.6902927580894,487.71121351766516,552.4242424242424,933.4913112164297,785.2631578947369,631.3253012048193,551.3888888888889,676.4797507788162,689.5612708018155,587.8378378378378,548.4939759036145,756.9254185692541,840.9967845659164,724.5283018867924,839.2749244712991,873.4234234234234,904.4006069802731,707.0464767616191,535.5421686746988,480.8095952023988,577.5229357798165,557.9819277108434,719.969512195122,502.571860816944,631.6030534351145,447.33637747336377,465.609756097561
2020,8,790.9352517985611,612.8939828080229,552.4147727272727,948.074179743224,615.9544159544159,543.1918008784774,594.7218259629101,808.187134502924,756.490727532097,587.1942446043165,,698.7142857142857,766.6180758017492,612.8755364806867,613.447782546495,846.5892597968069,789.6995708154507,488.9684813753582,788.5838150289018,735.9534206695779,788.7943262411347,770.3012912482066,517.6638176638177,520.1704545454545,574.1750358680057,458.30945558739256,625.1428571428571,457.536231884058,598.2930298719773,596.231884057971,448.8679245283019
2020,9,727.6627218934912,741.9213973799127,720.2346041055719,851.8895348837209,577.1802325581396,601.8154311649016,657.2463768115942,758.1845238095239,677.7941176470588,656.3318777292576,547.6534296028881,731.4540059347181,866.2222222222222,707.1324599708879,656.7647058823529,719.36,753.8799414348463,709.5447870778268,945.7059679767103,866.1828737300435,904.3859649122807,685.9443631039532,619.3595342066958,662.3906705539358,725.9530791788857,421.6374269005848,773.082489146165,535.1032448377581,836.9723435225619,770.6821480406386,474.81804949053856
2020,10,1037.076923076923,558.3460949464012,514.6788990825688,891.2977099236641,599.5391705069125,622.0338983050848,711.2291350531108,1017.4528301886793,853.4700315457413,658.2952815829528,1065.045592705167,463.25581395348837,846.0218408736349,720.2786377708978,703.9938556067589,850.5392912172573,973.6280487804878,688.8549618320611,1022.4806201550388,824.0121580547112,901.5243902439024,710.5504587155963,554.601226993865,682.5954198473282,678.6259541984733,596.1597542242704,713.6503067484663,635.060975609756,778.7556904400607,589.9488926746167,609.7412480974125
2020,11,962.2950819672132,644.6372239747634,653.2488114104596,882.3248407643312,628.9689034369885,566.7736757624398,767.8343949044586,980.0,1177.974276527331,780.0,1250.2392344497607,763.8668779714739,1204.2925278219395,933.8632750397456,1108.9171974522294,881.1188811188811,1020.5741626794259,808.0128205128206,899.0415335463259,788.8,842.5496688741722,822.432859399684,577.3015873015873,836.0759493670886,840.9677419354839,725.1223491027732,826.4,746.677471636953,803.6507936507936,577.337559429477,524.8803827751196
2020,12,1125.8680555555557,612.9692832764505,774.0932642487047,1057.439446366782,722.4913494809689,651.4035087719299,778.3132530120482,1064.7469458987784,1445.0,797.5652173913044,2585.191637630662,1150.7826086956522,1419.122807017544,909.8445595854922,1314.878892733564,1014.9171270718232,1058.9655172413793,994.1385435168739,1073.6185383244206,1053.2399299474605,1076.2152777777778,770.6390328151987,722.1453287197232,850.6065857885616,937.4340949033392,981.283422459893,989.1379310344828,813.6602451838879,836.8055555555555,679.616724738676,695.0257289879931
2021,1,1220.0305810397554,669.0225563909775,700.6060606060606,900.6172839506173,616.6163141993958,737.9644588045235,933.5854765506808,1260.0,1265.761689291101,979.7191887675507,2349.4607087827426,1240.1826484018266,1534.789391575663,1116.3141993957704,966.9172932330827,1021.8654434250765,808.1288343558282,916.3141993957704,1018.6413902053713,942.3368740515933,963.1024096385543,829.742033383915,735.0453172205438,855.7401812688822,993.3962264150944,849.1551459293395,848.714069591528,729.1793313069909,843.1818181818181,708.8145896656534,567.687595712098
2021,2,826.148409893993,858.2897033158813,619.2982456140351,867.719298245614,606.6901408450705,671.5648854961833,861.2280701754386,999.8217468805705,1232.5088339222614,993.394495412844,2098.9473684210525,1057.719298245614,1190.1960784313726,1015.669014084507,930.1587301587301,852.8896672504378,748.6725663716815,751.8453427065026,1087.1929824561403,795.0704225352113,892.0222634508349,703.5026269702277,643.1818181818181,711.5384615384615,774.113475177305,588.4135472370766,634.5132743362832,571.8085106382979,708.8183421516754,666.7256637168142,457.9225352112676
2021,3,742.5076452599388,732.312404287902,678.2407407407408,1029.601226993865,708.868501529052,727.7258566978193,760.8964451313756,939.509954058193,717.2360248447205,706.7114093959732,1136.0258481421647,704.4546850998464,860.8359133126935,918.125960061444,815.6202143950995,727.9816513761468,889.3023255813954,790.6009244992296,1001.9938650306749,884.6986089644513,619.4401244167963,837.0597243491577,693.2618683001531,750.3058103975535,776.555023923445,655.3158705701079,714.9618320610687,655.4179566563467,812.7300613496933,710.7197549770291,517.91730474732
2021,4,630.2658486707567,424.8,583.3333333333334,724.1935483870968,472.1442885771543,635.3061224489796,534.5454545454545,728.5425101214574,463.855421686747,605.0813008130082,646.9387755102041,667.9435483870968,558.3673469387755,707.8629032258065,703.8617886178862,667.4747474747475,511.33603238866397,626.9938650306749,908.0321285140562,952.5050100200401,496.3597430406852,652.4590163934427,627.7665995975855,760.2061855670103,770.1716738197425,626.8145161290323,694.7474747474747,727.6688453159042,819.9596774193549,724.5436105476673,569.7154471544716
2021,5,595.1501154734411,400.44642857142856,647.65625,725.2796420581656,662.3222748815166,655.9550561797753,509.19282511210764,822.5225225225225,272.10401891252957,638.4269662921348,699.103139013453,636.8778280542987,620.3619909502263,584.7533632286995,395.71106094808124,707.847533632287,572.5118483412323,564.4144144144144,857.1748878923767,760.4494382022472,618.0645161290323,669.6428571428571,547.9905437352246,550.6726457399103,567.4364896073903,547.0852017937219,595.4653937947494,522.7272727272727,630.9954751131222,529.8876404494382,420.1793721973094
2021,6,699.5575221238938,522.8260869565217,567.7777777777778,838.4955752212389,591.8681318681319,762.4724061810155,417.9824561403509,743.2017543859649,384.22222222222223,716.7400881057268,691.8793503480279,457.08061002178647,729.010989010989,590.2004454342984,642.6373626373627,704.8140043763676,648.7964989059082,623.568281938326,938.293216630197,731.140350877193,672.1153846153846,842.6991150442478,440.35087719298247,505.75221238938053,637.3626373626373,458.02197802197804,606.140350877193,512.9032258064516,674.5535714285714,631.578947368421,490.2869757174393
2021,7,693.9058171745153,529.5698924731183,451.76151761517616,751.3586956521739,605.1212938005391,668.632707774799,397.03504043126685,942.4731182795699,420.2156334231806,666.4879356568365,658.5074626865671,386.87150837988827,809.2896174863388,638.9830508474577,626.1455525606469,639.1167192429023,643.7325905292479,530.9139784946236,846.0916442048517,525.8760107816712,439.29539295392954,716.2162162162163,417.0028818443804,445.3521126760563,546.5753424657535,462.80323450134773,583.7758112094396,528.9902280130293,535.5978260869565,501.0899182561308,412.5
2021,8,801.3513513513514,701.2987012987013,413.1578947368421,881.8181818181819,545.4545454545455,942.6666666666666,675.3246753246754,981.8181818181819,580.2631578947369,919.4444444444445,783.1168831168832,667.1052631578947,909.2105263157895,592.2077922077922,821.0526315789474,578.9473684210526,754.6666666666666,532.8947368421053,932.4675324675325,610.3896103896104,330.6666666666667,728.5714285714286,538.9830508474577,603.9473684210526,589.4736842105264,444.15584415584414,340.7894736842105,615.5844155844156,737.3333333333334,550.6493506493506,548.0519480519481
