year,month,济南市,北京市,上海市,天津市,重庆市,哈尔滨市,长春市,沈阳市,呼和浩特市,石家庄市,乌鲁木齐市,兰州市,西宁市,西安市,银川市,郑州市,太原市,合肥市,武汉市,长沙市,南京市,成都市,贵阳市,昆明市,南宁市,拉萨市,杭州市,南昌市,广州市,福州市,海口市
2018,10,55.84255319148936,36.46435845213849,31.609561752988046,47.8235294117647,49.28193832599119,17.6796875,36.808,43.586497890295355,,43.03441682600383,50.21518987341772,18.856,30.557446808510637,39.948412698412696,28.776785714285715,51.42801556420233,53.05508474576271,44.03448275862069,41.8468085106383,43.864,25.301960784313724,49.31349206349206,34.94805194805195,19.08130081300813,33.61316872427984,19.49173553719008,39.92248062015504,6.900826446280992,29.5515873015873,25.947580645161292,15.460629921259843
2018,11,104.84183673469387,65.41344537815127,40.11557788944724,85.84385382059801,50.56729131175469,29.571923743500868,45.11925042589438,53.756218905472636,,70.4054054054054,92.1919191919192,38.41821247892074,39.05351170568562,82.38225255972696,45.53637901861252,92.81556683587141,79.46459412780656,63.92307692307692,59.797996661101834,48.11538461538461,48.25442477876106,58.33567662565905,32.60038240917782,26.27946127946128,42.807757166947724,29.203636363636363,41.91500904159132,9.474832214765101,36.93791946308725,19.04841402337229,17.54424040066778
2018,12,75.23855421686747,44.0375854214123,33.94063926940639,48.87096774193548,55.71287128712871,49.574418604651164,43.26682692307692,46.465011286681715,,67.24418604651163,140.92857142857142,47.07061503416856,60.26879271070615,89.27251732101617,33.91034482758621,86.05263157894737,69.67808219178082,64.34096109839817,67.77598152424942,75.64084507042253,40.38520408163265,58.76765375854214,33.95103092783505,18.82004555808656,30.314350797266513,31.106796116504853,49.87185354691076,27.338747099767982,30.288990825688074,19.875878220140514,15.835240274599542
2019,1,121.34146341463415,65.61045891141943,50.03036876355748,93.22340425531915,80.89058524173028,75.63736263736264,76.7108695652174,82.0084388185654,,97.79957805907173,190.21775898520085,40.261802575107296,53.67019027484144,140.45969498910677,47.40638297872341,123.70419426048565,112.07912087912088,86.81263616557735,87.28752642706131,90.98942917547569,64.80430107526881,81.48922413793103,35.63333333333333,22.292735042735043,39.77473684210526,18.037122969837586,64.18393234672304,41.30084745762712,48.049891540130155,29.751633986928105,26.418655097613883
2019,2,102.20682730923694,57.015732546706,39.40661478599222,88.36666666666666,49.664556962025316,115.11974789915966,85.05208333333333,82.43128964059197,,72.51851851851852,147.05263157894737,34.44007858546169,35.14563106796116,114.35928143712574,37.54794520547945,118.96273291925466,92.07184466019417,66.75048732943469,54.60388349514563,51.140625,53.51195219123506,52.783300198807154,31.412915851272015,24.9078431372549,34.54191033138402,14.122317596566523,47.684719535783366,24.179640718562876,23.173828125,22.671905697445972,12.57729941291585
2019,3,64.2241653418124,49.857932123125494,50.209339774557165,55.003144654088054,51.00158478605388,47.992063492063494,56.95065789473684,62.940438871473354,,63.065108514190314,109.33165829145729,30.674565560821485,31.55481727574751,41.0509337860781,30.738437001594896,54.25677830940989,46.368916797488225,61.305111821086264,40.74249605055292,43.478873239436616,46.18354430379747,48.52648475120385,42.01292407108239,34.32263242375602,34.1883830455259,20.75516693163752,46.56671899529042,26.79310344827586,25.968304278922346,25.688816855753647,15.69435736677116
2019,4,52.627627627627625,43.97886297376093,37.9907120743034,50.403225806451616,30.033923303834808,33.849415204678365,33.05555555555556,43.85081240768095,,47.86930983847284,27.22948328267477,22.229813664596275,23.806966618287372,38.26229508196721,30.619760479041915,55.853115727002965,59.66617647058823,42.33381924198251,34.62119013062409,37.95894428152493,36.397913561847986,37.138041733547354,37.16347569955818,36.65718562874252,27.080882352941178,15.526470588235295,39.145161290322584,19.21282798833819,22.293002915451893,29.710280373831775,13.997105643994212
2019,5,36.3413597733711,33.56506610995129,31.4,44.52781740370899,34.233050847457626,19.258840169731258,21.212885154061624,35.05681818181818,,35.39321074964639,34.248538011695906,32.29496402877698,27.709269662921347,40.44528875379939,32.202777777777776,40.83038348082596,54.30532212885154,29.154848046309695,34.33656509695291,34.744089012517385,23.99576868829337,32.770014556040756,30.845833333333335,27.57676348547718,26.303597122302158,18.169117647058822,36.53988603988604,22.66386554621849,20.553103448275863,24.213256484149856,13.298196948682385
2019,6,33.179396092362346,32.485950413223144,27.271214642262894,42.439868204283364,27.35559265442404,10.921641791044776,16.688741721854306,22.225375626043405,,32.99131944444444,24.134513274336282,15.822222222222223,15.508680555555555,22.40728476821192,21.874161073825505,29.99831081081081,39.76254180602007,23.394957983193276,28.72425249169435,20.88907284768212,25.387931034482758,23.954545454545453,23.060504201680672,13.991708126036484,14.759599332220366,16.626151012891345,28.141196013289036,14.383304940374787,16.123128119800334,18.313856427378965,10.125208681135225
2019,7,33.568275862068965,32.107044198895025,25.09779614325069,43.0,21.495689655172413,16.15205479452055,20.868715083798882,27.66804979253112,,28.48971193415638,28.599388379204893,15.328275862068965,12.070054945054945,18.915159944367176,21.908333333333335,28.502063273727646,35.88873626373626,26.31994459833795,26.68,18.912028725314183,19.672292545710267,19.54385964912281,18.470670391061454,13.814965986394558,17.54458161865569,13.814447592067989,20.69041095890411,12.7966573816156,17.451923076923077,15.977272727272727,10.868852459016393
2019,8,24.90281690140845,21.46793997271487,22.33651226158038,28.294436906377204,26.184931506849313,9.543741588156124,12.375354107648725,18.361673414304992,,21.424324324324324,24.922425952045135,14.949175824175825,11.649725274725276,22.184032476319352,20.65890410958904,24.83606557377049,25.56292286874154,22.126896551724137,36.89876880984952,26.707278481012658,12.594444444444445,28.503692762186116,28.388121546961326,22.1311706629055,25.019099590723055,11.718963165075035,23.04471544715447,15.237762237762238,22.658073270013567,14.839557399723375,10.520917678812415
2019,9,40.18840579710145,30.868628858578607,20.375907111756167,43.63505747126437,34.07267441860465,14.405483405483405,19.61659513590844,24.989928057553957,,31.54493580599144,27.205246913580247,16.471196454948302,16.005730659025787,24.0414878397711,20.375539568345324,33.51445086705202,29.428165007112376,32.75574712643678,33.393723252496436,38.78347578347579,17.781740370898717,26.444281524926687,28.630434782608695,20.90948905109489,42.21021897810219,10.70103092783505,27.353448275862068,18.868115942028986,28.94017094017094,16.453371592539455,20.445868945868945
2019,10,52.213371266002845,39.257831325301204,31.12982998454405,51.65669515669516,26.782608695652176,25.158345221112697,30.3954802259887,44.7132667617689,,52.24641833810888,43.94721407624633,22.043478260869566,23.685344827586206,30.710982658959537,24.73071528751753,36.96978417266187,47.44271570014144,46.00561009817672,31.470013947001394,43.668539325842694,31.8975468975469,27.86637931034483,11.776162790697674,20.26750700280112,33.78861788617886,16.82328190743338,35.74474053295933,26.771223021582735,38.1115760111576,25.08108108108108,20.528011204481793
2019,11,61.188652482269504,39.795470629865534,25.237960339943342,53.83477011494253,38.51219512195122,24.64957264957265,26.066187050359712,36.198871650211565,,55.606580829756794,78.94602272727273,30.167142857142856,40.09298998569385,76.75460992907801,30.60894660894661,74.90420899854863,69.94436310395315,42.67291066282421,43.73408769448373,62.39038189533239,29.884892086330936,45.64782608695652,18.24963715529753,29.307475317348377,49.82336182336182,23.045060658578855,38.15099715099715,33.77318116975749,40.684582743988685,22.797142857142855,27.184767277856135
2019,12,82.425952045134,47.716914366595894,49.24061196105702,58.68016759776536,67.41958041958041,87.5615491009682,72.02945301542778,59.655692729766805,,72.80721220527046,146.76005547850207,40.46944444444444,43.842032967032964,96.67961165048544,38.10112359550562,85.7645429362881,67.48005698005699,60.60674157303371,65.82644628099173,74.80028328611898,46.958448753462605,74.74895977808599,29.69764216366158,40.579387186629525,44.90896551724138,23.453030303030303,48.58158995815899,35.27877947295423,38.69146005509642,26.723756906077348,22.18732782369146
2020,1,100.87707182320442,56.653047091412745,53.00411522633745,104.19804741980474,51.83072546230441,143.28571428571428,129.2096551724138,109.20272108843537,160.68192219679634,83.5013812154696,204.83356070941338,44.95874822190612,56.72540983606557,121.5939226519337,78.77348066298343,114.88668555240793,118.3584379358438,65.00705218617772,58.903269754768395,53.90040927694407,53.80590717299578,64.92388059701493,28.935119887165023,23.44566712517194,31.11781206171108,22.805084745762713,38.2734693877551,31.603960396039604,26.86530612244898,26.5327868852459,15.807901907356948
2020,2,56.892330383480825,45.7035661218425,29.872434017595307,64.1285930408472,50.688140556368964,57.08739837398374,42.048529411764704,52.11644832605531,45.98676470588235,42.819117647058825,108.72312223858616,30.947916666666668,29.92888888888889,67.23088455772114,32.961876832844574,58.10030395136778,78.33235724743777,35.8389458272328,35.61607142857143,38.04692082111437,25.74741506646972,50.045112781954884,35.25816023738872,33.55636896046852,33.60677466863034,14.425113464447806,25.27259475218659,21.465875370919882,21.1671511627907,20.393586005830905,14.625183016105417
2020,3,46.125884016973124,31.46538187009279,25.226173541963014,40.0625,38.956276445698165,38.936797752808985,37.80567375886525,39.547486033519554,24.50212765957447,43.26136363636363,41.537062937062935,27.183016105417277,27.731638418079097,45.21549295774648,23.216101694915253,49.36934306569343,44.92395982783357,35.01549295774648,30.428977272727273,36.61958041958042,25.767883211678832,38.747142857142855,35.47812971342383,37.49789621318373,26.337078651685392,11.988217967599411,24.371308016877638,21.586013986013985,19.212587412587414,21.60169491525424,13.398316970546984
2020,4,38.711278195488724,32.99685039370079,32.46246246246246,39.07109737248841,35.838038632986624,85.02245508982035,117.64017991004498,65.18885448916409,22.784688995215312,37.777611940298506,33.91538461538462,23.408882082695254,23.813813813813812,37.156716417910445,21.777609682299545,42.99251497005988,45.52760736196319,32.24663677130045,33.237479806138936,42.79376854599406,25.188059701492538,40.05812220566319,33.28270676691729,35.333333333333336,30.73502994011976,13.73731343283582,31.218236173393123,18.16944024205749,25.447717231222384,25.78846153846154,14.85672082717873
2020,5,31.75824175824176,35.35590277777778,39.81421647819063,37.88053949903661,29.12461059190031,17.73572593800979,20.72787979966611,23.77101967799642,24.489028213166144,35.79716981132076,28.781645569620252,17.21206896551724,13.573899371069182,22.717425431711145,24.74960876369327,27.5414710485133,37.25423728813559,32.0671875,30.66770670826833,31.38341158059468,24.894904458598727,37.78021978021978,29.687203791469194,21.882995319812792,25.053968253968254,13.05940594059406,28.77403846153846,13.677725118483412,16.708265802269043,18.183574879227052,14.0234375
2020,6,32.82934609250399,34.16403162055336,28.078525641025642,38.75555555555555,23.171288743882545,9.328859060402685,16.562289562289564,23.418348623853213,18.83828382838284,26.177816901408452,27.74526678141136,15.049019607843137,16.784911717495987,20.28184713375796,20.941653160453807,30.230891719745223,48.18023255813954,22.427868852459017,16.598086124401913,14.350746268656716,14.577540106951872,26.803571428571427,19.9967845659164,10.985460420032311,15.463022508038586,12.991909385113269,19.1472,6.4192,10.506349206349206,14.393203883495145,7.771428571428571
2020,7,33.83156297420334,41.78664495114006,26.681749622926095,46.19572368421053,18.4969040247678,16.04892966360856,18.833078101071976,29.266244057052297,19.486238532110093,27.201807228915662,26.66256590509666,13.54853620955316,14.342342342342342,21.94887218045113,17.072617246596067,28.88012139605463,37.48713826366559,27.516640253565768,17.945945945945947,21.262626262626263,16.330721003134798,20.81831831831832,18.32477341389728,10.392156862745098,16.240853658536587,10.359398496240601,17.48328267477204,10.061349693251534,10.211567732115677,15.710144927536232,9.041362530413625
2020,8,26.220143884892085,28.054441260744987,18.40798858773181,34.4300441826215,17.274147727272727,10.432791728212703,12.713055954088953,19.6734693877551,16.287812041116005,21.977077363896846,,13.478571428571428,13.166427546628407,20.96834532374101,15.681492109038738,23.145137880986937,29.22190611664296,19.785100286532952,17.938307030129124,17.61021897810219,12.556358381502891,22.829268292682926,18.1516452074392,13.174785100286533,17.541963015647227,13.753602305475503,18.522727272727273,10.51878612716763,17.39038189533239,13.339373970345964,11.12241054613936
2020,9,33.9851411589896,23.261248185776488,24.2863436123348,30.67616191904048,17.92846715328467,13.225290697674419,15.852554744525547,22.491778774289983,15.538690476190476,31.737609329446062,18.062043795620436,14.61094674556213,16.81764705882353,28.972303206997086,20.00441826215022,28.2416,34.522561863173216,28.898975109809662,25.904347826086955,23.618479880774963,17.0906432748538,23.674486803519063,17.858806404657933,13.540816326530612,21.178519593613935,12.589442815249267,25.63583815028902,17.129985228951256,20.76300578034682,17.155384615384616,7.705539358600583
2020,10,53.79661016949152,42.64012251148545,20.720183486238533,56.86875,26.923780487804876,20.03680981595092,27.12079510703364,44.50157728706625,28.77984496124031,40.51293759512937,40.24617737003058,22.083076923076923,26.37766830870279,30.854263565891472,26.500763358778627,50.764976958525345,61.23975720789074,33.21406727828746,32.16104294478528,41.14797507788162,18.821100917431192,28.940548780487806,22.130232558139536,22.316720257234728,25.124620060790274,20.796557120500783,22.909923664122136,24.4739263803681,26.296969696969697,16.700507614213198,16.325757575757574
2020,11,64.40842787682334,38.899212598425194,27.293650793650794,48.498387096774195,37.75573770491803,40.50961538461539,40.61057692307692,48.496763754045304,35.706260032102726,48.99841017488076,54.780290791599356,34.87440381558029,46.98347107438016,71.84152139461173,46.60731319554849,64.30931458699473,71.54430379746836,38.20289855072464,33.425396825396824,53.1786283891547,23.76158940397351,57.988941548183256,25.095846645367413,31.164012738853504,38.3160453808752,24.90082644628099,27.432038834951456,27.849514563106798,30.13831478537361,18.34181240063593,22.897151898734176
2020,12,89.6459074733096,28.0991452991453,40.1159169550173,46.93238434163701,56.154513888888886,46.65255731922399,34.96875,48.200351493848856,42.08536585365854,79.2859649122807,199.7968476357268,37.13089005235602,49.12724014336918,70.99307958477509,51.611111111111114,87.73929236499069,60.15743944636678,67.80500894454383,76.32504440497335,92.69611307420494,50.546409807355516,64.4430823117338,34.21024734982332,28.902608695652173,44.00349650349651,26.58802177858439,45.138698630136986,54.213913043478264,32.49312714776632,20.02296819787986,30.535958904109588
2021,1,82.0937019969278,40.24698795180723,39.45909090909091,49.97826086956522,62.321266968325794,71.44171779141104,51.41068702290077,67.4723076923077,49.48372093023256,66.89735614307932,167.4104134762634,34.82753403933434,45.40381558028617,75.31419939577039,39.15861027190332,84.5948406676783,64.21417565485362,58.122727272727275,70.57299843014128,79.01671732522796,42.90881458966565,75.87575757575758,40.894817073170735,35.586989409984874,59.77570093457944,21.04552590266876,42.143079315707624,38.556732223903175,47.96842105263158,27.984662576687118,32.41896024464832
2021,2,56.007168458781365,62.51573426573427,29.519298245614035,59.76798561151079,54.41901408450704,53.39685314685315,52.47349823321555,47.18021201413428,41.128801431127016,71.4605504587156,153.03846153846155,26.738053097345134,34.39208633093525,73.17017543859649,32.40106007067138,63.0338078291815,59.21968365553603,40.49382716049383,52.89103690685413,56.04409171075838,28.08582089552239,67.30350877192983,35.0,33.021126760563384,34.84014209591474,12.638489208633093,28.103327495621716,25.984014209591475,26.916083916083917,27.73440285204991,18.054195804195803
2021,3,63.22049689440994,86.75419847328244,38.10493827160494,75.34937888198758,33.19754977029096,38.68111455108359,44.56697819314642,69.09846153846154,55.55246913580247,86.45,59.611916264090176,59.15432098765432,43.428125,52.48392036753446,59.986196319018404,63.59722222222222,91.33592534992223,38.41076923076923,36.644171779141104,38.38212634822804,32.297507788161994,51.1131498470948,38.535384615384615,48.89692307692307,37.81993569131833,15.313755795981454,26.885670731707318,20.239567233384854,27.430534351145038,29.629969418960243,15.360730593607306
2021,4,37.468041237113404,36.302,33.12291666666667,43.73930753564155,25.758064516129032,46.913131313131316,48.27402862985685,39.99193548387097,27.38663967611336,44.48478701825558,24.028688524590162,25.616326530612245,19.512244897959185,29.795959595959594,30.963340122199593,45.92479674796748,51.22267206477733,32.46926229508197,31.710843373493976,38.19315895372233,22.05532786885246,33.89046653144016,22.246464646464645,33.131634819532906,27.853131749460044,16.410569105691057,26.535353535353536,18.152505446623092,27.586,25.483870967741936,13.567073170731707
2021,5,36.566744730679154,26.25055928411633,28.103174603174605,33.22799097065463,29.338823529411766,18.993071593533486,24.107061503416855,28.431460674157304,29.81235154394299,43.82432432432432,33.67213114754098,24.312217194570135,11.689497716894977,29.83221476510067,27.84757505773672,36.05656108597285,63.0,29.487640449438203,26.995515695067265,27.771493212669682,23.34006734006734,40.109375,24.581947743467932,18.528344671201815,19.97241379310345,9.734234234234235,25.776470588235295,17.20501138952164,16.521252796420583,17.29952830188679,10.389261744966444
2021,6,28.824444444444445,20.806521739130435,22.482142857142858,36.10690423162583,29.841409691629956,14.239467849223947,12.139072847682119,18.310722100656456,17.122767857142858,32.7609649122807,21.089411764705883,20.83478260869565,13.0917225950783,22.07111111111111,30.459340659340658,26.369230769230768,34.92967032967033,27.49230769230769,22.12035010940919,21.81978021978022,15.581469648562301,38.99778761061947,21.81898454746137,12.558758314855876,20.02212389380531,9.863534675615213,22.78213507625272,13.002314814814815,14.962962962962964,14.494407158836689,11.927152317880795
2021,7,22.250696378830085,16.822580645161292,15.834239130434783,27.77384196185286,17.502702702702702,12.36111111111111,13.346883468834688,18.3485254691689,11.849056603773585,27.73854447439353,26.173076923076923,14.788617886178862,11.07859078590786,16.278089887640448,17.47826086956522,17.584126984126986,27.57650273224044,15.873655913978494,15.854054054054053,18.02972972972973,8.897790055248619,21.948924731182796,18.620289855072464,10.470254957507082,19.334246575342465,8.553133514986376,16.131964809384165,11.95483870967742,13.420911528150134,11.218390804597702,7.542005420054201
2021,8,26.671232876712327,36.467532467532465,11.078947368421053,46.74025974025974,28.90909090909091,21.14666666666667,21.013157894736842,22.558441558441558,52.61842105263158,34.97222222222222,27.625,18.592105263157894,11.706666666666667,16.363636363636363,20.08,27.026666666666667,37.70666666666666,13.513157894736842,15.155844155844155,21.557377049180328,8.698630136986301,18.986842105263158,27.855072463768117,18.973684210526315,30.30263157894737,8.363636363636363,11.428571428571429,8.12987012987013,19.974025974025974,6.818181818181818,13.454545454545455
